-1.0588465
-2.117693
-3.17654
-4.235385
-5.294233
-6.3530774
-7.4119225
-8.470767
-9.52961
-10.588457
-11.647303
-12.706149
-13.764996
-14.823836
-15.882678
-16.941526
-18.00037
-19.059216
-20.118065
-21.176914
-22.235771
-23.294611
-24.353477
-25.412342
-26.471209
-27.530062
-28.58894
-29.647804
-30.706682
-31.76556
-32.82443
-33.883324
-34.942207
-35.99431
-36.98904
-37.919582
-38.785954
-39.588158
-40.326187
-41.000034
-41.609703
-42.15521
-42.636517
-43.053684
-43.406643
-43.695435
-43.92006
-44.080494
-44.176773
-44.208874
-44.17678
-44.080544
-43.920105
-43.69552
-43.40674
-43.05378
-42.63666
-42.15536
-41.60988
-41.00022
-40.3264
-39.588406
-38.786224
-37.919872
-36.989346
-35.994648
-34.94256
-33.883686
-32.8248
-31.765932
-30.70705
-29.648176
-28.589308
-27.53044
-26.47157
-25.412703
-24.353838
-23.294973
-22.236105
-21.177237
-20.118372
-19.059511
-18.000652
-16.941788
-15.88292
-14.824057
-13.765192
-12.70633
-11.647465
-10.588611
-9.529747
-8.470886
-7.4120235
-6.3531623
-5.294301
-4.235439
-3.1765764
-2.1177146
-1.0588616
